rice_network_30: 0:09:50.298615  f1_train: 0.9879789169714643  f1_test: 0.9892404028433439  f1_validation: 0.9883803379220033 
rice_network_18-15: 0:14:41.580034  f1_train: 0.9882536515883785  f1_test: 0.9905362872603606  f1_validation: 0.9894850916848528 
rice_network_16-13-10: 0:19:15.944758  f1_train: 0.9882569389357384  f1_test: 0.9892429928326965  f1_validation: 0.9911477077234911 
anuran_family_network_30: 0:03:41.787859  f1_train: 0.9960106140713789  f1_test: 0.9875403307095876  f1_validation: 0.9485498675755311 
anuran_family_network_18-15: 0:05:33.657737  f1_train: 0.9953698115827476  f1_test: 0.9551882723829801  f1_validation: 0.9338367379832713 
anuran_family_network_16-13-10: 0:08:14.181879  f1_train: 0.9980748918116262  f1_test: 0.9733545408958848  f1_validation: 0.9575507080354481 
