rice_network_30: 0:09:50.298615  f1_train: 0.9879789169714643  f1_test: 0.9892404028433439  f1_validation: 0.9883803379220033 
rice_network_18-15: 0:14:41.580034  f1_train: 0.9882536515883785  f1_test: 0.9905362872603606  f1_validation: 0.9894850916848528 
rice_network_16-13-10: 0:19:15.944758  f1_train: 0.9882569389357384  f1_test: 0.9892429928326965  f1_validation: 0.9911477077234911 
