rice_network_30: 0:14:49.294666  f1_train: 0.9889920203467834  f1_test: 0.9899767174836918  f1_validation: 0.9916972510704414 
rice_network_18-15: 0:25:50.353398  f1_train: 0.9894490280396322  f1_test: 0.9910867032566621  f1_validation: 0.9894792917600824 
rice_network_16-13-10: 0:30:13.903836  f1_train: 0.3114350624763347  f1_test: 0.30818008877615727  f1_validation: 0.314619442351168 
